-3.100000000000000089e+00,4.785478967976874998e-02,3.454079818299149451e-03,6.440285783559929200e-05
-3.000000000000000000e+00,1.398724005154283745e-01,9.642470120496682284e-03,6.995374842722057451e-05
-2.900000000000000355e+00,3.864612785741017298e-01,2.638557946907926777e-02,7.652366910138042044e-05
-2.800000000000000266e+00,9.999428923500475186e-01,6.917769338857793215e-02,8.513578489965922813e-05
-2.700000000000000178e+00,2.381171185315500427e+00,1.719931344868919076e-01,9.810043986036021124e-05
-2.600000000000000089e+00,5.070239188787894591e+00,4.024390132387756225e-01,1.205955752703324890e-04
-2.500000000000000000e+00,9.316718153921211609e+00,8.778879766385583316e-01,1.638085335153860456e-04
-2.400000000000000355e+00,1.445316908384682897e+01,1.761670455914132738e+00,2.507434831877652925e-04
-2.300000000000000266e+00,1.916741748322028371e+01,3.198849927361180345e+00,4.261573736896728803e-04
-2.200000000000000178e+00,2.262883917234941222e+01,5.181540156770337191e+00,7.722072301374893755e-04
-2.100000000000000089e+00,2.483963262694894780e+01,7.460412248222992204e+00,1.430990592188319255e-03
-2.000000000000000000e+00,2.616283055172349137e+01,9.658987209007719343e+00,2.634076236041060781e-03
-1.900000000000000133e+00,2.694254231870403160e+01,1.149913781373333954e+01,4.737652446895612712e-03
-1.800000000000000044e+00,2.740760470550213057e+01,1.289710459215134364e+01,8.261167582501727225e-03
-1.700000000000000178e+00,2.769230734221045509e+01,1.390290364940808310e+01,1.392915188813681482e-02
-1.600000000000000089e+00,2.787231742421048963e+01,1.461066759683376048e+01,2.272189131597990297e-02
-1.500000000000000000e+00,2.799019652475643838e+01,1.510859170026156484e+01,3.594995569792258649e-02
-1.400000000000000133e+00,2.807032525539046119e+01,1.546413313001572298e+01,5.537443383790696672e-02
-1.300000000000000044e+00,2.812706825386864651e+01,1.572482940449229005e+01,8.338740391707899491e-02
-1.200000000000000178e+00,2.816912937051021615e+01,1.592297596889421563e+01,1.232319793671665664e-01
-1.100000000000000089e+00,2.820185429517161424e+01,1.607989107288284458e+01,1.791726843300756045e-01
-1.000000000000000000e+00,2.822847343469653225e+01,1.620902313156781105e+01,2.564411353202511457e-01
-9.000000000000000222e-01,2.825083872381210881e+01,1.631826330562252636e+01,3.607251219887808169e-01
-8.000000000000000444e-01,2.826993082336375451e+01,1.641183764981951754e+01,4.970076501923270662e-01
-7.000000000000000666e-01,2.828623406292475195e+01,1.649185174020095701e+01,6.677487495390432848e-01
-6.000000000000000888e-01,2.829999395069742008e+01,1.655939844407843253e+01,8.707247715856625270e-01
-5.000000000000000000e-01,2.831136520828709990e+01,1.661520115021747301e+01,1.097185629000263507e+00
-4.000000000000000222e-01,2.832047677641069683e+01,1.665988989374045559e+01,1.331170005850323967e+00
-3.000000000000000444e-01,2.832744808269115211e+01,1.669406018593167929e+01,1.550660040092899372e+00
-2.000000000000000111e-01,2.833238380888030150e+01,1.671823751534880031e+01,1.730732097370513145e+00
-1.000000000000000056e-01,2.833536246498507083e+01,1.673281690195492644e+01,1.848144331265288987e+00
0.000000000000000000e+00,2.833642467562506084e+01,1.673800367642732567e+01,1.886200491515122035e+00
1.000000000000000056e-01,2.833556177703599843e+01,1.673375721144915218e+01,1.838512921834123404e+00
2.000000000000000111e-01,2.833270282801223416e+01,1.671972801307841650e+01,1.710552572047208120e+00
3.000000000000000444e-01,2.832769680941550305e+01,1.669517281418363552e+01,1.518519775458671006e+00
4.000000000000000222e-01,2.832028539139240664e+01,1.665882653404037228e+01,1.285867765994264111e+00
5.000000000000000000e-01,2.831005922366889394e+01,1.660870013686202995e+01,1.038492972863003239e+00
6.000000000000000888e-01,2.829638613627860622e+01,1.654175554736396947e+01,7.999411351417018423e-01
7.000000000000000666e-01,2.827829108155187754e+01,1.645337727052210752e+01,5.878506393471649716e-01
8.000000000000000444e-01,2.825425163779248194e+01,1.633650680519276222e+01,4.123279187221884357e-01
9.000000000000000222e-01,2.822184272272966155e+01,1.618021938345543020e+01,2.762581457209312141e-01
1.000000000000000000e+00,2.817710679911354887e+01,1.596739652307559432e+01,1.769890370093119003e-01
1.100000000000000089e+00,2.811341622209957336e+01,1.567101152237036032e+01,1.085810900548711544e-01
1.200000000000000178e+00,2.801938568699998555e+01,1.524856872839438537e+01,6.390717082461749854e-02
1.300000000000000044e+00,2.787500424639393160e+01,1.463502466543859981e+01,3.617442065382281413e-02
1.400000000000000133e+00,2.764447679327458474e+01,1.373767940361779694e+01,1.975829424026853687e-02
1.500000000000000000e+00,2.726326334013591435e+01,1.244476617544705377e+01,1.046174856531578712e-02
1.600000000000000089e+00,2.661610830571692432e+01,1.067152609138800656e+01,5.406546197217476646e-03
1.700000000000000178e+00,2.550588188621670938e+01,8.459504568350995513e+00,2.755891585681791156e-03
1.800000000000000044e+00,2.363132042962644519e+01,6.067093366310272629e+00,1.408939006120046855e-03
1.900000000000000133e+00,2.064568963479084118e+01,3.897899272086413625e+00,7.413736430206263606e-04
2.000000000000000000e+00,1.642633826835974276e+01,2.257302745820166656e+00,4.158795459230368863e-04
2.100000000000000089e+00,1.149341311955953771e+01,1.198409993600779710e+00,2.577145493787291741e-04
2.200000000000000178e+00,6.957712535547555532e+00,5.939938904860886382e-01,1.795576852425817549e-04
2.300000000000000266e+00,3.687747383149309055e+00,2.786611329764654421e-01,1.390781777299565647e-04
2.400000000000000355e+00,1.760288472348514599e+00,1.247779523156467008e-01,1.162645730468092609e-04
2.500000000000000000e+00,7.771628124045082409e-01,5.359018034252205354e-02,1.018435274557916159e-04
2.600000000000000089e+00,3.229138389248653596e-01,2.216820933037544350e-02,9.157485667543596719e-05
2.700000000000000178e+00,1.274172458681444020e-01,8.900050139992732312e-03,8.352355403973277248e-05
2.800000000000000266e+00,4.793862754736144538e-02,3.534486378886647628e-03,7.678776430264377950e-05
2.900000000000000355e+00,1.722921689969458825e-02,1.452863391637748691e-03,7.091879909992826470e-05
3.000000000000000000e+00,5.926312613935280638e-03,6.737941032008976094e-04,6.566215738912362099e-05
3.100000000000000089e+00,1.960065868622518082e-03,3.879082649205223277e-04,6.084446546594790561e-05
