2.400000000000000000e+01
2.419999999999999929e+01
2.439999999999999858e+01
2.460000000000000142e+01
2.480000000000000071e+01
2.500000000000000000e+01
2.519999999999999929e+01
2.539999999999999858e+01
2.560000000000000142e+01
2.580000000000000071e+01
2.600000000000000000e+01
2.619999999999999929e+01
2.639999999999999858e+01
2.660000000000000142e+01
2.680000000000000071e+01
2.700000000000000000e+01
2.719999999999999929e+01
2.739999999999999858e+01
2.760000000000000142e+01
2.780000000000000071e+01
2.800000000000000000e+01
2.819999999999999929e+01
2.839999999999999858e+01
2.860000000000000142e+01
2.880000000000000071e+01
2.900000000000000000e+01
2.919999999999999929e+01
2.939999999999999858e+01
2.960000000000000142e+01
2.980000000000000071e+01
3.000000000000000000e+01
3.019999999999999929e+01
3.039999999999999858e+01
3.060000000000000142e+01
3.080000000000000071e+01
3.100000000000000000e+01
3.119999999999999929e+01
3.139999999999999858e+01
3.160000000000000142e+01
3.180000000000000071e+01
3.200000000000000000e+01
3.220000000000000284e+01
3.239999999999999858e+01
3.260000000000000142e+01
3.279999999999999716e+01
3.300000000000000000e+01
3.320000000000000284e+01
3.339999999999999858e+01
3.360000000000000142e+01
3.379999999999999716e+01
3.400000000000000000e+01
3.420000000000000284e+01
3.439999999999999858e+01
3.460000000000000142e+01
3.479999999999999716e+01
3.500000000000000000e+01
3.520000000000000284e+01
3.539999999999999858e+01
3.560000000000000142e+01
3.579999999999999716e+01
3.600000000000000000e+01
3.620000000000000284e+01
3.639999999999999858e+01
3.660000000000000142e+01
3.679999999999999716e+01
3.700000000000000000e+01
3.720000000000000284e+01
3.739999999999999858e+01
3.760000000000000142e+01
3.779999999999999716e+01
3.800000000000000000e+01
3.820000000000000284e+01
3.839999999999999858e+01
3.860000000000000142e+01
3.879999999999999716e+01
3.900000000000000000e+01
3.920000000000000284e+01
3.939999999999999858e+01
3.960000000000000142e+01
3.979999999999999716e+01
4.000000000000000000e+01
4.020000000000000284e+01
4.039999999999999858e+01
4.060000000000000142e+01
4.079999999999999716e+01
4.100000000000000000e+01
4.120000000000000284e+01
4.139999999999999858e+01
4.160000000000000142e+01
4.179999999999999716e+01
4.200000000000000000e+01
4.220000000000000284e+01
4.239999999999999858e+01
4.260000000000000142e+01
4.279999999999999716e+01
4.300000000000000000e+01
4.320000000000000284e+01
4.339999999999999858e+01
4.360000000000000142e+01
4.379999999999999716e+01
4.400000000000000000e+01
4.420000000000000284e+01
4.439999999999999858e+01
4.460000000000000142e+01
4.479999999999999716e+01
4.500000000000000000e+01
4.520000000000000284e+01
4.539999999999999858e+01
4.560000000000000142e+01
4.579999999999999716e+01
4.600000000000000000e+01
4.620000000000000284e+01
4.639999999999999858e+01
4.660000000000000142e+01
4.679999999999999716e+01
4.700000000000000000e+01
4.720000000000000284e+01
4.739999999999999858e+01
4.760000000000000142e+01
4.779999999999999716e+01
4.800000000000000000e+01
4.820000000000000284e+01
4.839999999999999858e+01
4.860000000000000142e+01
4.879999999999999716e+01
4.900000000000000000e+01
4.920000000000000284e+01
4.939999999999999858e+01
4.960000000000000142e+01
4.979999999999999716e+01
5.000000000000000000e+01
5.020000000000000284e+01
5.039999999999999858e+01
5.060000000000000142e+01
5.079999999999999716e+01
5.100000000000000000e+01
5.120000000000000284e+01
5.139999999999999858e+01
5.160000000000000142e+01
5.179999999999999716e+01
5.200000000000000000e+01
5.220000000000000284e+01
5.239999999999999858e+01
5.260000000000000142e+01
5.279999999999999716e+01
5.300000000000000000e+01
5.320000000000000284e+01
5.339999999999999858e+01
5.360000000000000142e+01
5.379999999999999716e+01
5.400000000000000000e+01
5.420000000000000284e+01
5.439999999999999858e+01
5.460000000000000142e+01
5.479999999999999716e+01
5.500000000000000000e+01
5.520000000000000284e+01
5.539999999999999858e+01
5.560000000000000142e+01
5.579999999999999716e+01
5.600000000000000000e+01
5.620000000000000284e+01
5.639999999999999858e+01
5.660000000000000142e+01
5.679999999999999716e+01
5.700000000000000000e+01
5.720000000000000284e+01
5.739999999999999858e+01
5.760000000000000142e+01
5.779999999999999716e+01
5.800000000000000000e+01
5.820000000000000284e+01
5.839999999999999858e+01
5.860000000000000142e+01
5.879999999999999716e+01
5.900000000000000000e+01
5.920000000000000284e+01
5.939999999999999858e+01
5.960000000000000142e+01
5.979999999999999716e+01
6.000000000000000000e+01
6.020000000000000284e+01
6.039999999999999858e+01
6.060000000000000142e+01
6.079999999999999716e+01
6.100000000000000000e+01
6.120000000000000284e+01
6.139999999999999858e+01
6.160000000000000142e+01
6.179999999999999716e+01
6.200000000000000000e+01
6.220000000000000284e+01
6.239999999999999858e+01
6.260000000000000142e+01
6.279999999999999716e+01
6.300000000000000000e+01
6.320000000000000284e+01
6.339999999999999858e+01
6.360000000000000142e+01
6.379999999999999716e+01
6.400000000000000000e+01
6.420000000000000284e+01
6.440000000000000568e+01
6.459999999999999432e+01
6.479999999999999716e+01
6.500000000000000000e+01
6.520000000000000284e+01
6.540000000000000568e+01
6.559999999999999432e+01
6.579999999999999716e+01
6.600000000000000000e+01
6.620000000000000284e+01
6.640000000000000568e+01
6.659999999999999432e+01
6.679999999999999716e+01
6.700000000000000000e+01
6.720000000000000284e+01
6.740000000000000568e+01
6.759999999999999432e+01
6.779999999999999716e+01
6.800000000000000000e+01
6.820000000000000284e+01
6.840000000000000568e+01
6.859999999999999432e+01
6.879999999999999716e+01
6.900000000000000000e+01
6.920000000000000284e+01
6.940000000000000568e+01
6.959999999999999432e+01
6.979999999999999716e+01
7.000000000000000000e+01
7.020000000000000284e+01
7.040000000000000568e+01
7.059999999999999432e+01
7.079999999999999716e+01
7.100000000000000000e+01
7.120000000000000284e+01
7.140000000000000568e+01
7.159999999999999432e+01
7.179999999999999716e+01
7.200000000000000000e+01
7.220000000000000284e+01
7.240000000000000568e+01
7.259999999999999432e+01
7.279999999999999716e+01
7.300000000000000000e+01
7.320000000000000284e+01
7.340000000000000568e+01
7.359999999999999432e+01
7.379999999999999716e+01
7.400000000000000000e+01
7.420000000000000284e+01
7.440000000000000568e+01
7.459999999999999432e+01
7.479999999999999716e+01
7.500000000000000000e+01
7.520000000000000284e+01
7.540000000000000568e+01
7.559999999999999432e+01
7.579999999999999716e+01
7.600000000000000000e+01
7.620000000000000284e+01
7.640000000000000568e+01
7.659999999999999432e+01
7.679999999999999716e+01
7.700000000000000000e+01
7.720000000000000284e+01
7.740000000000000568e+01
7.759999999999999432e+01
7.779999999999999716e+01
7.800000000000000000e+01
7.820000000000000284e+01
7.840000000000000568e+01
7.859999999999999432e+01
7.879999999999999716e+01
7.900000000000000000e+01
7.920000000000000284e+01
7.940000000000000568e+01
7.959999999999999432e+01
7.979999999999999716e+01
8.000000000000000000e+01
8.020000000000000284e+01
8.040000000000000568e+01
8.059999999999999432e+01
8.079999999999999716e+01
8.100000000000000000e+01
8.120000000000000284e+01
8.140000000000000568e+01
8.159999999999999432e+01
8.179999999999999716e+01
8.200000000000000000e+01
8.220000000000000284e+01
8.240000000000000568e+01
8.259999999999999432e+01
8.279999999999999716e+01
8.300000000000000000e+01
8.320000000000000284e+01
8.340000000000000568e+01
8.359999999999999432e+01
8.379999999999999716e+01
8.400000000000000000e+01
8.420000000000000284e+01
8.440000000000000568e+01
8.459999999999999432e+01
8.479999999999999716e+01
8.500000000000000000e+01
8.520000000000000284e+01
8.540000000000000568e+01
8.559999999999999432e+01
8.579999999999999716e+01
8.600000000000000000e+01
8.620000000000000284e+01
8.640000000000000568e+01
8.659999999999999432e+01
8.679999999999999716e+01
8.700000000000000000e+01
8.720000000000000284e+01
8.740000000000000568e+01
8.759999999999999432e+01
8.779999999999999716e+01
8.800000000000000000e+01
8.820000000000000284e+01
8.840000000000000568e+01
8.859999999999999432e+01
8.879999999999999716e+01
8.900000000000000000e+01
8.920000000000000284e+01
8.940000000000000568e+01
8.959999999999999432e+01
8.979999999999999716e+01
9.000000000000000000e+01
9.020000000000000284e+01
9.040000000000000568e+01
9.059999999999999432e+01
9.079999999999999716e+01
9.100000000000000000e+01
9.120000000000000284e+01
9.140000000000000568e+01
9.159999999999999432e+01
9.179999999999999716e+01
9.200000000000000000e+01
9.220000000000000284e+01
9.240000000000000568e+01
9.259999999999999432e+01
9.279999999999999716e+01
9.300000000000000000e+01
9.320000000000000284e+01
9.340000000000000568e+01
9.359999999999999432e+01
9.379999999999999716e+01
9.400000000000000000e+01
9.420000000000000284e+01
9.440000000000000568e+01
9.459999999999999432e+01
9.479999999999999716e+01
9.500000000000000000e+01
9.520000000000000284e+01
9.540000000000000568e+01
9.559999999999999432e+01
9.579999999999999716e+01
9.600000000000000000e+01
9.620000000000000284e+01
9.640000000000000568e+01
9.659999999999999432e+01
9.679999999999999716e+01
9.700000000000000000e+01
9.720000000000000284e+01
9.740000000000000568e+01
9.759999999999999432e+01
9.779999999999999716e+01
9.800000000000000000e+01
9.820000000000000284e+01
9.840000000000000568e+01
9.859999999999999432e+01
9.879999999999999716e+01
9.900000000000000000e+01
9.920000000000000284e+01
9.940000000000000568e+01
9.959999999999999432e+01
9.979999999999999716e+01
1.000000000000000000e+02
1.002000000000000028e+02
1.004000000000000057e+02
1.005999999999999943e+02
1.007999999999999972e+02
1.010000000000000000e+02
1.012000000000000028e+02
1.014000000000000057e+02
1.015999999999999943e+02
1.017999999999999972e+02
1.020000000000000000e+02
1.022000000000000028e+02
1.024000000000000057e+02
1.025999999999999943e+02
1.027999999999999972e+02
1.030000000000000000e+02
1.032000000000000028e+02
1.034000000000000057e+02
1.035999999999999943e+02
1.037999999999999972e+02
1.040000000000000000e+02
1.042000000000000028e+02
1.044000000000000057e+02
1.045999999999999943e+02
1.047999999999999972e+02
1.050000000000000000e+02
1.052000000000000028e+02
1.054000000000000057e+02
1.055999999999999943e+02
1.057999999999999972e+02
1.060000000000000000e+02
1.062000000000000028e+02
1.064000000000000057e+02
1.065999999999999943e+02
1.067999999999999972e+02
1.070000000000000000e+02
1.072000000000000028e+02
1.074000000000000057e+02
1.075999999999999943e+02
1.077999999999999972e+02
1.080000000000000000e+02
1.082000000000000028e+02
1.084000000000000057e+02
1.085999999999999943e+02
1.087999999999999972e+02
1.090000000000000000e+02
1.092000000000000028e+02
1.094000000000000057e+02
1.095999999999999943e+02
1.097999999999999972e+02
1.100000000000000000e+02
1.102000000000000028e+02
1.104000000000000057e+02
1.105999999999999943e+02
1.107999999999999972e+02
1.110000000000000000e+02
1.112000000000000028e+02
1.114000000000000057e+02
1.115999999999999943e+02
1.117999999999999972e+02
1.120000000000000000e+02
1.122000000000000028e+02
1.124000000000000057e+02
1.125999999999999943e+02
1.127999999999999972e+02
1.130000000000000000e+02
1.132000000000000028e+02
1.134000000000000057e+02
1.135999999999999943e+02
1.137999999999999972e+02
1.140000000000000000e+02
1.142000000000000028e+02
1.144000000000000057e+02
1.145999999999999943e+02
1.147999999999999972e+02
1.150000000000000000e+02
1.152000000000000028e+02
1.154000000000000057e+02
1.155999999999999943e+02
1.157999999999999972e+02
1.160000000000000000e+02
1.162000000000000028e+02
1.164000000000000057e+02
1.165999999999999943e+02
1.167999999999999972e+02
1.170000000000000000e+02
1.172000000000000028e+02
1.174000000000000057e+02
1.175999999999999943e+02
1.177999999999999972e+02
1.180000000000000000e+02
1.182000000000000028e+02
1.184000000000000057e+02
1.185999999999999943e+02
1.187999999999999972e+02
1.190000000000000000e+02
1.192000000000000028e+02
1.194000000000000057e+02
1.195999999999999943e+02
1.197999999999999972e+02
1.200000000000000000e+02
1.202000000000000028e+02
1.204000000000000057e+02
1.205999999999999943e+02
1.207999999999999972e+02
1.210000000000000000e+02
1.212000000000000028e+02
1.214000000000000057e+02
1.215999999999999943e+02
1.217999999999999972e+02
1.220000000000000000e+02
1.222000000000000028e+02
1.224000000000000057e+02
1.225999999999999943e+02
1.227999999999999972e+02
1.230000000000000000e+02
1.232000000000000028e+02
1.234000000000000057e+02
1.235999999999999943e+02
1.237999999999999972e+02
1.240000000000000000e+02
1.242000000000000028e+02
1.244000000000000057e+02
1.245999999999999943e+02
1.247999999999999972e+02
1.250000000000000000e+02
1.252000000000000028e+02
1.254000000000000057e+02
1.255999999999999943e+02
1.257999999999999972e+02
1.260000000000000000e+02
1.262000000000000028e+02
1.264000000000000057e+02
1.265999999999999943e+02
1.267999999999999972e+02
1.270000000000000000e+02
1.272000000000000028e+02
1.274000000000000057e+02
1.275999999999999943e+02
1.277999999999999972e+02
1.280000000000000000e+02
1.281999999999999886e+02
1.284000000000000057e+02
1.285999999999999943e+02
1.288000000000000114e+02
1.290000000000000000e+02
1.291999999999999886e+02
1.294000000000000057e+02
1.295999999999999943e+02
1.298000000000000114e+02
1.300000000000000000e+02
1.301999999999999886e+02
1.304000000000000057e+02
1.305999999999999943e+02
1.308000000000000114e+02
1.310000000000000000e+02
1.311999999999999886e+02
1.314000000000000057e+02
1.315999999999999943e+02
1.318000000000000114e+02
1.320000000000000000e+02
1.321999999999999886e+02
1.324000000000000057e+02
1.325999999999999943e+02
1.328000000000000114e+02
1.330000000000000000e+02
1.331999999999999886e+02
1.334000000000000057e+02
1.335999999999999943e+02
1.338000000000000114e+02
1.340000000000000000e+02
1.341999999999999886e+02
1.344000000000000057e+02
1.345999999999999943e+02
1.348000000000000114e+02
1.350000000000000000e+02
1.351999999999999886e+02
1.354000000000000057e+02
1.355999999999999943e+02
1.358000000000000114e+02
1.360000000000000000e+02
1.361999999999999886e+02
1.364000000000000057e+02
1.365999999999999943e+02
1.368000000000000114e+02
1.370000000000000000e+02
1.371999999999999886e+02
1.374000000000000057e+02
1.375999999999999943e+02
1.378000000000000114e+02
1.380000000000000000e+02
1.381999999999999886e+02
1.384000000000000057e+02
1.385999999999999943e+02
1.388000000000000114e+02
1.390000000000000000e+02
1.391999999999999886e+02
1.394000000000000057e+02
1.395999999999999943e+02
1.398000000000000114e+02
1.400000000000000000e+02
1.401999999999999886e+02
1.404000000000000057e+02
1.405999999999999943e+02
1.408000000000000114e+02
1.410000000000000000e+02
1.411999999999999886e+02
1.414000000000000057e+02
1.415999999999999943e+02
1.418000000000000114e+02
1.420000000000000000e+02
1.421999999999999886e+02
1.424000000000000057e+02
1.425999999999999943e+02
1.428000000000000114e+02
1.430000000000000000e+02
1.431999999999999886e+02
1.434000000000000057e+02
1.435999999999999943e+02
1.438000000000000114e+02
1.440000000000000000e+02
1.441999999999999886e+02
1.444000000000000057e+02
1.445999999999999943e+02
1.448000000000000114e+02
1.450000000000000000e+02
1.451999999999999886e+02
1.454000000000000057e+02
1.455999999999999943e+02
1.458000000000000114e+02
1.460000000000000000e+02
1.461999999999999886e+02
1.464000000000000057e+02
1.465999999999999943e+02
1.468000000000000114e+02
1.470000000000000000e+02
1.471999999999999886e+02
1.474000000000000057e+02
1.475999999999999943e+02
1.478000000000000114e+02
1.480000000000000000e+02
1.481999999999999886e+02
1.484000000000000057e+02
1.485999999999999943e+02
1.488000000000000114e+02
1.490000000000000000e+02
1.491999999999999886e+02
1.494000000000000057e+02
1.495999999999999943e+02
1.498000000000000114e+02
1.480158730158730229e+01
1.457142857142857117e+01
1.444444444444444464e+01
1.373809523809523725e+01
1.348412698412698418e+01
1.302380952380952372e+01
1.253174603174603163e+01
1.219841269841269771e+01
1.212698412698412653e+01
1.184126984126984183e+01
1.123015873015872934e+01
1.104761904761904745e+01
1.081746031746031811e+01
1.050000000000000000e+01
1.008730158730158699e+01
9.857142857142857650e+00
9.611111111111110716e+00
9.206349206349205616e+00
8.555555555555555358e+00
8.841269841269841834e+00
7.904761904761905100e+00
7.706349206349206504e+00
7.539682539682539542e+00
7.166666666666666963e+00
7.031746031746031633e+00
7.007936507936507908e+00
6.349206349206348854e+00
6.595238095238094900e+00
6.373015873015872579e+00
6.063492063492063266e+00
5.785714285714285587e+00
5.777777777777777679e+00
5.119047619047618625e+00
4.928571428571428825e+00
4.960317460317460458e+00
4.460317460317460458e+00
4.261904761904761862e+00
4.150793650793651146e+00
3.944444444444444642e+00
3.960317460317460458e+00
3.746031746031746046e+00
3.682539682539682335e+00
3.706349206349206504e+00
3.142857142857142794e+00
3.166666666666666519e+00
3.007936507936507908e+00
3.095238095238095344e+00
2.793650793650793496e+00
2.706349206349206504e+00
2.452380952380952550e+00
2.500000000000000000e+00
2.555555555555555358e+00
2.269841269841269771e+00
2.333333333333333481e+00
2.071428571428571619e+00
1.920634920634920695e+00
2.063492063492063711e+00
1.746031746031746046e+00
1.793650793650793718e+00
1.595238095238095344e+00
1.690476190476190466e+00
1.571428571428571397e+00
1.523809523809523725e+00
1.619047619047619069e+00
1.317460317460317443e+00
1.253968253968253954e+00
1.246031746031746046e+00
1.404761904761904656e+00
1.063492063492063489e+00
1.198412698412698374e+00
9.682539682539682557e-01
1.182539682539682557e+00
1.150793650793650702e+00
9.047619047619047672e-01
1.000000000000000000e+00
8.968253968253968589e-01
7.301587301587301182e-01
7.619047619047618625e-01
1.007936507936507908e+00
8.571428571428570953e-01
7.460317460317460458e-01
6.587301587301587213e-01
6.428571428571429047e-01
7.857142857142856984e-01
6.507936507936508130e-01
6.428571428571429047e-01
6.666666666666666297e-01
3.888888888888888951e-01
5.952380952380952328e-01
4.206349206349206393e-01
5.079365079365079083e-01
5.079365079365079083e-01
3.730158730158730229e-01
4.047619047619047672e-01
5.396825396825396526e-01
6.269841269841269771e-01
3.730158730158730229e-01
2.857142857142856984e-01
3.730158730158730229e-01
3.333333333333333148e-01
3.492063492063491870e-01
2.777777777777777901e-01
2.936507936507936622e-01
3.412698412698412787e-01
3.492063492063491870e-01
2.777777777777777901e-01
1.984126984126984017e-01
3.492063492063491870e-01
1.904761904761904656e-01
2.063492063492063378e-01
2.777777777777777901e-01
2.936507936507936622e-01
2.063492063492063378e-01
2.142857142857142738e-01
2.301587301587301460e-01
1.984126984126984017e-01
1.984126984126984017e-01
1.746031746031745935e-01
1.904761904761904656e-01
1.587301587301587213e-01
1.031746031746031689e-01
1.428571428571428492e-01
1.825396825396825295e-01
1.507936507936507853e-01
2.301587301587301460e-01
8.730158730158729674e-02
1.349206349206349131e-01
1.507936507936507853e-01
1.349206349206349131e-01
8.730158730158729674e-02
9.523809523809523281e-02
1.031746031746031689e-01
9.523809523809523281e-02
1.111111111111111049e-01
7.142857142857142461e-02
9.523809523809523281e-02
1.349206349206349131e-01
9.523809523809523281e-02
7.936507936507936067e-02
3.174603174603174427e-02
1.269841269841269771e-01
7.142857142857142461e-02
3.174603174603174427e-02
2.380952380952380820e-02
1.111111111111111049e-01
7.936507936507936067e-02
4.761904761904761640e-02
4.761904761904761640e-02
1.587301587301587213e-02
3.968253968253968034e-02
3.968253968253968034e-02
6.349206349206348854e-02
4.761904761904761640e-02
7.142857142857142461e-02
4.761904761904761640e-02
7.142857142857142461e-02
3.174603174603174427e-02
7.142857142857142461e-02
6.349206349206348854e-02
3.968253968253968034e-02
5.555555555555555247e-02
5.555555555555555247e-02
5.555555555555555247e-02
6.349206349206348854e-02
0.000000000000000000e+00
2.380952380952380820e-02
2.380952380952380820e-02
3.968253968253968034e-02
7.936507936507936067e-03
3.174603174603174427e-02
3.968253968253968034e-02
3.174603174603174427e-02
3.174603174603174427e-02
0.000000000000000000e+00
7.142857142857142461e-02
2.380952380952380820e-02
1.587301587301587213e-02
3.174603174603174427e-02
7.936507936507936067e-03
4.761904761904761640e-02
7.936507936507936067e-03
7.936507936507936067e-03
3.968253968253968034e-02
1.587301587301587213e-02
0.000000000000000000e+00
0.000000000000000000e+00
2.380952380952380820e-02
0.000000000000000000e+00
1.587301587301587213e-02
1.587301587301587213e-02
1.587301587301587213e-02
2.380952380952380820e-02
4.761904761904761640e-02
7.936507936507936067e-03
2.380952380952380820e-02
1.587301587301587213e-02
3.174603174603174427e-02
1.587301587301587213e-02
7.936507936507936067e-03
0.000000000000000000e+00
1.587301587301587213e-02
7.936507936507936067e-03
2.380952380952380820e-02
1.587301587301587213e-02
0.000000000000000000e+00
7.936507936507936067e-03
2.380952380952380820e-02
7.936507936507936067e-03
1.587301587301587213e-02
2.380952380952380820e-02
2.380952380952380820e-02
1.587301587301587213e-02
2.380952380952380820e-02
2.380952380952380820e-02
1.587301587301587213e-02
2.380952380952380820e-02
0.000000000000000000e+00
0.000000000000000000e+00
1.587301587301587213e-02
7.936507936507936067e-03
7.936507936507936067e-03
2.380952380952380820e-02
0.000000000000000000e+00
7.936507936507936067e-03
0.000000000000000000e+00
7.936507936507936067e-03
7.936507936507936067e-03
0.000000000000000000e+00
0.000000000000000000e+00
7.936507936507936067e-03
1.587301587301587213e-02
7.936507936507936067e-03
0.000000000000000000e+00
0.000000000000000000e+00
0.000000000000000000e+00
7.936507936507936067e-03
0.000000000000000000e+00
7.936507936507936067e-03
0.000000000000000000e+00
2.380952380952380820e-02
1.587301587301587213e-02
0.000000000000000000e+00
7.936507936507936067e-03
0.000000000000000000e+00
0.000000000000000000e+00
0.000000000000000000e+00
0.000000000000000000e+00
0.000000000000000000e+00
0.000000000000000000e+00
0.000000000000000000e+00
0.000000000000000000e+00
1.587301587301587213e-02
0.000000000000000000e+00
7.936507936507936067e-03
0.000000000000000000e+00
0.000000000000000000e+00
7.936507936507936067e-03
0.000000000000000000e+00
0.000000000000000000e+00
7.936507936507936067e-03
0.000000000000000000e+00
0.000000000000000000e+00
7.936507936507936067e-03
0.000000000000000000e+00
0.000000000000000000e+00
0.000000000000000000e+00
1.587301587301587213e-02
0.000000000000000000e+00
0.000000000000000000e+00
7.936507936507936067e-03
7.936507936507936067e-03
0.000000000000000000e+00
7.936507936507936067e-03
1.587301587301587213e-02
0.000000000000000000e+00
0.000000000000000000e+00
1.587301587301587213e-02
1.587301587301587213e-02
7.936507936507936067e-03
1.587301587301587213e-02
4.761904761904761640e-02
3.174603174603174427e-02
5.555555555555555247e-02
3.968253968253968034e-02
6.349206349206348854e-02
4.761904761904761640e-02
4.761904761904761640e-02
4.761904761904761640e-02
2.380952380952380820e-02
3.174603174603174427e-02
3.174603174603174427e-02
3.968253968253968034e-02
6.349206349206348854e-02
3.968253968253968034e-02
4.761904761904761640e-02
3.968253968253968034e-02
3.968253968253968034e-02
4.761904761904761640e-02
3.968253968253968034e-02
5.555555555555555247e-02
1.031746031746031689e-01
7.936507936507936067e-02
3.968253968253968034e-02
1.190476190476190410e-01
3.174603174603174427e-02
8.730158730158729674e-02
8.730158730158729674e-02
7.142857142857142461e-02
7.142857142857142461e-02
5.555555555555555247e-02
5.555555555555555247e-02
8.730158730158729674e-02
7.142857142857142461e-02
6.349206349206348854e-02
1.031746031746031689e-01
7.142857142857142461e-02
4.761904761904761640e-02
7.142857142857142461e-02
6.349206349206348854e-02
9.523809523809523281e-02
1.349206349206349131e-01
1.111111111111111049e-01
6.349206349206348854e-02
1.507936507936507853e-01
1.111111111111111049e-01
4.761904761904761640e-02
9.523809523809523281e-02
1.190476190476190410e-01
7.142857142857142461e-02
1.111111111111111049e-01
1.031746031746031689e-01
4.761904761904761640e-02
6.349206349206348854e-02
7.936507936507936067e-02
5.555555555555555247e-02
5.555555555555555247e-02
7.936507936507936067e-02
5.555555555555555247e-02
1.031746031746031689e-01
6.349206349206348854e-02
9.523809523809523281e-02
3.968253968253968034e-02
3.968253968253968034e-02
7.936507936507936067e-02
2.380952380952380820e-02
1.587301587301587213e-02
4.761904761904761640e-02
2.380952380952380820e-02
2.380952380952380820e-02
3.968253968253968034e-02
3.174603174603174427e-02
1.587301587301587213e-02
7.936507936507936067e-03
5.555555555555555247e-02
3.174603174603174427e-02
1.587301587301587213e-02
4.761904761904761640e-02
3.174603174603174427e-02
2.380952380952380820e-02
3.174603174603174427e-02
5.555555555555555247e-02
2.380952380952380820e-02
4.761904761904761640e-02
1.587301587301587213e-02
1.587301587301587213e-02
2.380952380952380820e-02
7.936507936507936067e-03
3.968253968253968034e-02
2.380952380952380820e-02
7.936507936507936067e-03
7.936507936507936067e-03
3.968253968253968034e-02
7.936507936507936067e-03
7.936507936507936067e-03
7.936507936507936067e-03
1.587301587301587213e-02
7.936507936507936067e-03
1.587301587301587213e-02
2.380952380952380820e-02
1.587301587301587213e-02
7.936507936507936067e-03
3.968253968253968034e-02
2.380952380952380820e-02
7.936507936507936067e-03
7.936507936507936067e-03
7.936507936507936067e-03
7.936507936507936067e-03
7.936507936507936067e-03
7.936507936507936067e-03
7.936507936507936067e-03
2.380952380952380820e-02
7.936507936507936067e-03
2.380952380952380820e-02
3.174603174603174427e-02
0.000000000000000000e+00
7.936507936507936067e-03
0.000000000000000000e+00
0.000000000000000000e+00
1.587301587301587213e-02
7.936507936507936067e-03
0.000000000000000000e+00
0.000000000000000000e+00
0.000000000000000000e+00
0.000000000000000000e+00
0.000000000000000000e+00
0.000000000000000000e+00
0.000000000000000000e+00
0.000000000000000000e+00
0.000000000000000000e+00
0.000000000000000000e+00
0.000000000000000000e+00
7.936507936507936067e-03
0.000000000000000000e+00
0.000000000000000000e+00
0.000000000000000000e+00
7.936507936507936067e-03
7.936507936507936067e-03
0.000000000000000000e+00
0.000000000000000000e+00
7.936507936507936067e-03
0.000000000000000000e+00
0.000000000000000000e+00
0.000000000000000000e+00
0.000000000000000000e+00
0.000000000000000000e+00
7.936507936507936067e-03
0.000000000000000000e+00
0.000000000000000000e+00
0.000000000000000000e+00
0.000000000000000000e+00
7.936507936507936067e-03
0.000000000000000000e+00
0.000000000000000000e+00
0.000000000000000000e+00
7.936507936507936067e-03
0.000000000000000000e+00
0.000000000000000000e+00
7.936507936507936067e-03
0.000000000000000000e+00
0.000000000000000000e+00
0.000000000000000000e+00
0.000000000000000000e+00
0.000000000000000000e+00
0.000000000000000000e+00
0.000000000000000000e+00
0.000000000000000000e+00
0.000000000000000000e+00
0.000000000000000000e+00
0.000000000000000000e+00
0.000000000000000000e+00
0.000000000000000000e+00
0.000000000000000000e+00
0.000000000000000000e+00
0.000000000000000000e+00
0.000000000000000000e+00
7.936507936507936067e-03
0.000000000000000000e+00
0.000000000000000000e+00
0.000000000000000000e+00
0.000000000000000000e+00
0.000000000000000000e+00
0.000000000000000000e+00
0.000000000000000000e+00
7.936507936507936067e-03
0.000000000000000000e+00
0.000000000000000000e+00
7.936507936507936067e-03
0.000000000000000000e+00
0.000000000000000000e+00
7.936507936507936067e-03
0.000000000000000000e+00
0.000000000000000000e+00
0.000000000000000000e+00
0.000000000000000000e+00
0.000000000000000000e+00
7.936507936507936067e-03
0.000000000000000000e+00
0.000000000000000000e+00
0.000000000000000000e+00
0.000000000000000000e+00
0.000000000000000000e+00
0.000000000000000000e+00
0.000000000000000000e+00
0.000000000000000000e+00
0.000000000000000000e+00
0.000000000000000000e+00
0.000000000000000000e+00
0.000000000000000000e+00
0.000000000000000000e+00
0.000000000000000000e+00
0.000000000000000000e+00
0.000000000000000000e+00
0.000000000000000000e+00
0.000000000000000000e+00
7.936507936507936067e-03
0.000000000000000000e+00
7.936507936507936067e-03
7.936507936507936067e-03
7.936507936507936067e-03
0.000000000000000000e+00
0.000000000000000000e+00
0.000000000000000000e+00
0.000000000000000000e+00
0.000000000000000000e+00
7.936507936507936067e-03
0.000000000000000000e+00
0.000000000000000000e+00
7.936507936507936067e-03
0.000000000000000000e+00
0.000000000000000000e+00
0.000000000000000000e+00
0.000000000000000000e+00
0.000000000000000000e+00
0.000000000000000000e+00
7.936507936507936067e-03
0.000000000000000000e+00
0.000000000000000000e+00
0.000000000000000000e+00
0.000000000000000000e+00
0.000000000000000000e+00
0.000000000000000000e+00
7.936507936507936067e-03
7.936507936507936067e-03
0.000000000000000000e+00
0.000000000000000000e+00
0.000000000000000000e+00
0.000000000000000000e+00
7.936507936507936067e-03
0.000000000000000000e+00
0.000000000000000000e+00
7.936507936507936067e-03
0.000000000000000000e+00
0.000000000000000000e+00
0.000000000000000000e+00
0.000000000000000000e+00
0.000000000000000000e+00
0.000000000000000000e+00
0.000000000000000000e+00
0.000000000000000000e+00
0.000000000000000000e+00
0.000000000000000000e+00
7.936507936507936067e-03
0.000000000000000000e+00
0.000000000000000000e+00
0.000000000000000000e+00
7.936507936507936067e-03
0.000000000000000000e+00
0.000000000000000000e+00
0.000000000000000000e+00
0.000000000000000000e+00
7.936507936507936067e-03
0.000000000000000000e+00
0.000000000000000000e+00
0.000000000000000000e+00
7.936507936507936067e-03
0.000000000000000000e+00
0.000000000000000000e+00
0.000000000000000000e+00
0.000000000000000000e+00
0.000000000000000000e+00
7.936507936507936067e-03
0.000000000000000000e+00
0.000000000000000000e+00
0.000000000000000000e+00
7.936507936507936067e-03
7.936507936507936067e-03
0.000000000000000000e+00
0.000000000000000000e+00
0.000000000000000000e+00
0.000000000000000000e+00
0.000000000000000000e+00
7.936507936507936067e-03
7.936507936507936067e-03
1.587301587301587213e-02
0.000000000000000000e+00
0.000000000000000000e+00
0.000000000000000000e+00
0.000000000000000000e+00
0.000000000000000000e+00
0.000000000000000000e+00
0.000000000000000000e+00
0.000000000000000000e+00
7.936507936507936067e-03
0.000000000000000000e+00
0.000000000000000000e+00
7.936507936507936067e-03
0.000000000000000000e+00
0.000000000000000000e+00
0.000000000000000000e+00
0.000000000000000000e+00
0.000000000000000000e+00
7.936507936507936067e-03
0.000000000000000000e+00
0.000000000000000000e+00
0.000000000000000000e+00
0.000000000000000000e+00
0.000000000000000000e+00
7.936507936507936067e-03
0.000000000000000000e+00
0.000000000000000000e+00
0.000000000000000000e+00
0.000000000000000000e+00
0.000000000000000000e+00
0.000000000000000000e+00
0.000000000000000000e+00
0.000000000000000000e+00
7.936507936507936067e-03
0.000000000000000000e+00
0.000000000000000000e+00
0.000000000000000000e+00
0.000000000000000000e+00
0.000000000000000000e+00
0.000000000000000000e+00
0.000000000000000000e+00
0.000000000000000000e+00
0.000000000000000000e+00
7.936507936507936067e-03
7.936507936507936067e-03
0.000000000000000000e+00
0.000000000000000000e+00
0.000000000000000000e+00
0.000000000000000000e+00
0.000000000000000000e+00
0.000000000000000000e+00
0.000000000000000000e+00
7.936507936507936067e-03
0.000000000000000000e+00
0.000000000000000000e+00
0.000000000000000000e+00
0.000000000000000000e+00
1.434100719424460380e+01
1.427482014388489162e+01
1.399424460431654715e+01
1.355395683453237332e+01
1.310503597122302111e+01
1.265323741007194158e+01
1.217122302158273328e+01
1.201007194244604293e+01
1.177266187050359747e+01
1.156834532374100633e+01
1.107194244604316502e+01
1.077122302158273293e+01
1.032517985611510802e+01
9.976978417266186838e+00
9.631654676258992964e+00
9.237410071942445455e+00
8.892086330935251581e+00
8.705035971223020752e+00
8.414388489208633359e+00
8.112230215827338498e+00
7.759712230215827233e+00
7.482014388489208301e+00
7.267625899280575119e+00
6.840287769784172411e+00
6.713669064748201798e+00
6.441726618705035712e+00
6.125179856115107846e+00
5.795683453237409744e+00
5.799999999999999822e+00
5.322302158273381600e+00
5.253237410071942115e+00
5.106474820143884763e+00
4.975539568345324071e+00
4.897841726618705316e+00
4.572661870503597292e+00
4.329496402877698102e+00
4.223021582733813339e+00
4.056115107913669249e+00
3.907913669064748241e+00
3.653237410071942470e+00
3.391366906474820198e+00
3.315107913669064654e+00
3.225899280575539763e+00
3.198561151079136522e+00
3.053237410071942382e+00
2.933812949640287826e+00
2.671942446043165553e+00
2.716546762589928221e+00
2.486330935251798380e+00
2.451798561151079081e+00
2.217266187050359605e+00
2.273381294964028854e+00
2.117985611510791344e+00
2.067625899280575386e+00
2.021582733812949506e+00
2.010071942446043369e+00
1.861870503597122362e+00
1.791366906474820109e+00
1.808633093525179758e+00
1.643165467625899323e+00
1.624460431654676240e+00
1.526618705035971191e+00
1.395683453237410054e+00
1.375539568345323760e+00
1.292086330935251715e+00
1.289208633093525069e+00
1.212949640287769748e+00
1.120863309352517989e+00
1.142446043165467717e+00
1.076258992805755321e+00
1.012949640287769792e+00
9.755395683453237377e-01
9.510791366906474753e-01
8.992805755395683054e-01
9.050359712230215958e-01
8.431654676258992787e-01
7.913669064748201087e-01
8.330935251798561314e-01
8.014388489208632560e-01
7.654676258992805238e-01
6.316546762589928532e-01
6.633093525179856176e-01
5.726618705035970702e-01
7.079136690647481744e-01
5.999999999999999778e-01
5.625899280575539230e-01
5.064748201438848962e-01
5.338129496402878038e-01
4.906474820143885140e-01
5.251798561151078681e-01
4.589928057553956942e-01
4.892086330935251914e-01
3.741007194244604372e-01
4.143884892086330818e-01
3.899280575539568194e-01
3.769784172661870270e-01
3.784172661870503496e-01
3.352517985611510598e-01
3.453237410071942626e-01
3.194244604316546776e-01
2.920863309352518256e-01
3.467625899280575297e-01
2.920863309352518256e-01
2.820143884892086228e-01
2.474820143884892132e-01
2.604316546762590057e-01
2.215827338129496282e-01
2.503597122302158029e-01
2.345323741007194207e-01
1.942446043165467762e-01
2.460431654676258906e-01
2.172661870503597159e-01
1.884892086330935135e-01
1.812949640287769837e-01
1.654676258992805737e-01
1.985611510791366885e-01
1.827338129496402785e-01
1.381294964028776939e-01
1.553956834532373987e-01
1.611510791366906337e-01
1.467625899280575463e-01
1.582733812949640162e-01
1.381294964028776939e-01
1.510791366906474864e-01
1.266187050359712241e-01
1.352517985611510765e-01
1.194244604316546804e-01
1.165467625899280629e-01
1.237410071942446066e-01
1.280575539568345189e-01
1.136690647482014455e-01
9.784172661870503551e-02
1.151079136690647542e-01
1.035971223021582704e-01
9.352517985611510931e-02
1.035971223021582704e-01
9.496402877697841804e-02
9.640287769784172678e-02
9.064748201438849184e-02
8.489208633093525691e-02
8.201438848920863944e-02
6.474820143884892076e-02
7.482014388489208190e-02
7.769784172661869937e-02
6.043165467625899456e-02
8.057553956834531683e-02
5.035971223021582649e-02
6.043165467625899456e-02
6.330935251798561203e-02
5.179856115107913522e-02
5.899280575539568583e-02
5.755395683453237710e-02
4.316546762589928282e-02
4.028776978417265842e-02
4.748201438848920902e-02
6.043165467625899456e-02
4.604316546762590029e-02
5.467625899280575269e-02
4.604316546762590029e-02
5.179856115107913522e-02
4.316546762589928282e-02
5.323741007194244396e-02
4.172661870503597409e-02
4.172661870503597409e-02
3.597122302158273222e-02
3.021582733812949728e-02
3.884892086330934968e-02
2.589928057553956761e-02
2.733812949640287635e-02
3.021582733812949728e-02
3.021582733812949728e-02
3.309352517985611475e-02
2.733812949640287635e-02
3.021582733812949728e-02
3.021582733812949728e-02
3.453237410071942348e-02
2.589928057553956761e-02
2.446043165467625888e-02
2.446043165467625888e-02
2.589928057553956761e-02
1.438848920863309427e-02
2.014388489208632921e-02
3.021582733812949728e-02
1.870503597122302047e-02
2.014388489208632921e-02
2.302158273381295014e-02
1.294964028776978381e-02
2.014388489208632921e-02
1.582733812949640301e-02
1.726618705035971174e-02
3.165467625899280601e-02
1.726618705035971174e-02
1.438848920863309427e-02
1.151079136690647507e-02
2.158273381294964141e-02
7.194244604316547137e-03
1.726618705035971174e-02
1.582733812949640301e-02
1.582733812949640301e-02
8.633093525179855870e-03
8.633093525179855870e-03
7.194244604316547137e-03
1.438848920863309427e-02
1.294964028776978381e-02
7.194244604316547137e-03
1.151079136690647507e-02
1.582733812949640301e-02
7.194244604316547137e-03
8.633093525179855870e-03
2.877697841726618768e-03
1.151079136690647507e-02
5.755395683453237536e-03
1.438848920863309427e-02
1.294964028776978381e-02
4.316546762589927935e-03
1.151079136690647507e-02
1.294964028776978381e-02
8.633093525179855870e-03
7.194244604316547137e-03
4.316546762589927935e-03
8.633093525179855870e-03
7.194244604316547137e-03
1.007194244604316460e-02
7.194244604316547137e-03
7.194244604316547137e-03
5.755395683453237536e-03
1.438848920863309384e-03
5.755395683453237536e-03
8.633093525179855870e-03
5.755395683453237536e-03
2.877697841726618768e-03
4.316546762589927935e-03
7.194244604316547137e-03
8.633093525179855870e-03
4.316546762589927935e-03
2.877697841726618768e-03
2.877697841726618768e-03
5.755395683453237536e-03
1.294964028776978381e-02
4.316546762589927935e-03
2.877697841726618768e-03
8.633093525179855870e-03
5.755395683453237536e-03
7.194244604316547137e-03
4.316546762589927935e-03
5.755395683453237536e-03
1.438848920863309384e-03
4.316546762589927935e-03
1.438848920863309384e-03
2.877697841726618768e-03
7.194244604316547137e-03
5.755395683453237536e-03
2.877697841726618768e-03
2.877697841726618768e-03
2.877697841726618768e-03
2.877697841726618768e-03
1.438848920863309384e-03
2.877697841726618768e-03
0.000000000000000000e+00
5.755395683453237536e-03
4.316546762589927935e-03
2.877697841726618768e-03
1.438848920863309384e-03
0.000000000000000000e+00
0.000000000000000000e+00
1.438848920863309384e-03
2.877697841726618768e-03
0.000000000000000000e+00
2.877697841726618768e-03
4.316546762589927935e-03
0.000000000000000000e+00
1.438848920863309384e-03
0.000000000000000000e+00
1.438848920863309384e-03
1.438848920863309384e-03
1.438848920863309384e-03
4.316546762589927935e-03
8.633093525179855870e-03
4.316546762589927935e-03
1.438848920863309384e-03
4.316546762589927935e-03
4.316546762589927935e-03
7.194244604316547137e-03
5.755395683453237536e-03
4.316546762589927935e-03
1.438848920863309384e-03
2.877697841726618768e-03
5.755395683453237536e-03
7.194244604316547137e-03
5.755395683453237536e-03
8.633093525179855870e-03
4.316546762589927935e-03
4.316546762589927935e-03
8.633093525179855870e-03
0.000000000000000000e+00
2.877697841726618768e-03
4.316546762589927935e-03
1.151079136690647507e-02
4.316546762589927935e-03
7.194244604316547137e-03
7.194244604316547137e-03
4.316546762589927935e-03
1.007194244604316460e-02
1.294964028776978381e-02
5.755395683453237536e-03
5.755395683453237536e-03
7.194244604316547137e-03
7.194244604316547137e-03
8.633093525179855870e-03
7.194244604316547137e-03
8.633093525179855870e-03
1.582733812949640301e-02
7.194244604316547137e-03
8.633093525179855870e-03
8.633093525179855870e-03
5.755395683453237536e-03
4.316546762589927935e-03
1.151079136690647507e-02
1.007194244604316460e-02
7.194244604316547137e-03
8.633093525179855870e-03
1.151079136690647507e-02
1.151079136690647507e-02
4.316546762589927935e-03
1.151079136690647507e-02
8.633093525179855870e-03
1.007194244604316460e-02
5.755395683453237536e-03
1.007194244604316460e-02
4.316546762589927935e-03
8.633093525179855870e-03
1.438848920863309427e-02
1.151079136690647507e-02
8.633093525179855870e-03
1.438848920863309427e-02
8.633093525179855870e-03
1.151079136690647507e-02
1.007194244604316460e-02
1.294964028776978381e-02
8.633093525179855870e-03
4.316546762589927935e-03
5.755395683453237536e-03
1.151079136690647507e-02
1.007194244604316460e-02
4.316546762589927935e-03
4.316546762589927935e-03
5.755395683453237536e-03
4.316546762589927935e-03
5.755395683453237536e-03
8.633093525179855870e-03
5.755395683453237536e-03
5.755395683453237536e-03
8.633093525179855870e-03
0.000000000000000000e+00
5.755395683453237536e-03
2.877697841726618768e-03
5.755395683453237536e-03
2.877697841726618768e-03
5.755395683453237536e-03
2.877697841726618768e-03
8.633093525179855870e-03
1.007194244604316460e-02
4.316546762589927935e-03
5.755395683453237536e-03
2.877697841726618768e-03
1.438848920863309384e-03
5.755395683453237536e-03
1.438848920863309384e-03
1.438848920863309384e-03
4.316546762589927935e-03
4.316546762589927935e-03
8.633093525179855870e-03
4.316546762589927935e-03
0.000000000000000000e+00
2.877697841726618768e-03
2.877697841726618768e-03
1.438848920863309384e-03
2.877697841726618768e-03
4.316546762589927935e-03
0.000000000000000000e+00
4.316546762589927935e-03
2.877697841726618768e-03
1.438848920863309384e-03
4.316546762589927935e-03
2.877697841726618768e-03
1.438848920863309384e-03
1.438848920863309384e-03
2.877697841726618768e-03
1.438848920863309384e-03
1.438848920863309384e-03
2.877697841726618768e-03
1.438848920863309384e-03
2.877697841726618768e-03
1.438848920863309384e-03
1.438848920863309384e-03
2.877697841726618768e-03
0.000000000000000000e+00
0.000000000000000000e+00
0.000000000000000000e+00
0.000000000000000000e+00
2.877697841726618768e-03
2.877697841726618768e-03
2.877697841726618768e-03
2.877697841726618768e-03
1.438848920863309384e-03
1.438848920863309384e-03
0.000000000000000000e+00
1.438848920863309384e-03
0.000000000000000000e+00
4.316546762589927935e-03
1.438848920863309384e-03
4.316546762589927935e-03
1.438848920863309384e-03
2.877697841726618768e-03
1.438848920863309384e-03
1.438848920863309384e-03
1.438848920863309384e-03
1.438848920863309384e-03
1.438848920863309384e-03
2.877697841726618768e-03
4.316546762589927935e-03
4.316546762589927935e-03
1.438848920863309384e-03
1.438848920863309384e-03
7.194244604316547137e-03
1.438848920863309384e-03
0.000000000000000000e+00
0.000000000000000000e+00
2.877697841726618768e-03
2.877697841726618768e-03
2.877697841726618768e-03
4.316546762589927935e-03
0.000000000000000000e+00
0.000000000000000000e+00
1.438848920863309384e-03
4.316546762589927935e-03
0.000000000000000000e+00
1.438848920863309384e-03
1.438848920863309384e-03
0.000000000000000000e+00
2.877697841726618768e-03
2.877697841726618768e-03
2.877697841726618768e-03
1.438848920863309384e-03
0.000000000000000000e+00
0.000000000000000000e+00
2.877697841726618768e-03
0.000000000000000000e+00
1.438848920863309384e-03
1.438848920863309384e-03
5.755395683453237536e-03
1.438848920863309384e-03
1.438848920863309384e-03
0.000000000000000000e+00
0.000000000000000000e+00
1.438848920863309384e-03
1.438848920863309384e-03
0.000000000000000000e+00
4.316546762589927935e-03
1.438848920863309384e-03
2.877697841726618768e-03
1.438848920863309384e-03
2.877697841726618768e-03
0.000000000000000000e+00
1.438848920863309384e-03
1.438848920863309384e-03
0.000000000000000000e+00
1.438848920863309384e-03
0.000000000000000000e+00
1.438848920863309384e-03
5.755395683453237536e-03
0.000000000000000000e+00
1.438848920863309384e-03
1.438848920863309384e-03
2.877697841726618768e-03
1.438848920863309384e-03
1.438848920863309384e-03
2.877697841726618768e-03
1.438848920863309384e-03
1.438848920863309384e-03
1.438848920863309384e-03
1.438848920863309384e-03
1.438848920863309384e-03
1.438848920863309384e-03
0.000000000000000000e+00
2.877697841726618768e-03
0.000000000000000000e+00
1.438848920863309384e-03
1.438848920863309384e-03
1.438848920863309384e-03
1.438848920863309384e-03
0.000000000000000000e+00
4.316546762589927935e-03
0.000000000000000000e+00
4.316546762589927935e-03
0.000000000000000000e+00
0.000000000000000000e+00
1.438848920863309384e-03
0.000000000000000000e+00
4.316546762589927935e-03
0.000000000000000000e+00
1.438848920863309384e-03
1.438848920863309384e-03
0.000000000000000000e+00
1.438848920863309384e-03
1.438848920863309384e-03
1.438848920863309384e-03
2.877697841726618768e-03
1.438848920863309384e-03
1.438848920863309384e-03
0.000000000000000000e+00
0.000000000000000000e+00
0.000000000000000000e+00
4.316546762589927935e-03
0.000000000000000000e+00
1.438848920863309384e-03
0.000000000000000000e+00
0.000000000000000000e+00
0.000000000000000000e+00
2.877697841726618768e-03
2.877697841726618768e-03
2.877697841726618768e-03
1.438848920863309384e-03
1.438848920863309384e-03
1.438848920863309384e-03
0.000000000000000000e+00
1.438848920863309384e-03
1.438848920863309384e-03
4.316546762589927935e-03
0.000000000000000000e+00
1.438848920863309384e-03
1.438848920863309384e-03
0.000000000000000000e+00
2.877697841726618768e-03
0.000000000000000000e+00
0.000000000000000000e+00
0.000000000000000000e+00
1.438848920863309384e-03
1.438848920863309384e-03
1.438848920863309384e-03
4.316546762589927935e-03
1.438848920863309384e-03
2.877697841726618768e-03
1.438848920863309384e-03
1.438848920863309384e-03
2.877697841726618768e-03
0.000000000000000000e+00
2.877697841726618768e-03
1.438848920863309384e-03
0.000000000000000000e+00
2.877697841726618768e-03
0.000000000000000000e+00
2.877697841726618768e-03
1.438848920863309384e-03
0.000000000000000000e+00
1.438848920863309384e-03
0.000000000000000000e+00
2.877697841726618768e-03
1.438848920863309384e-03
0.000000000000000000e+00
1.438848920863309384e-03
1.438848920863309384e-03
0.000000000000000000e+00
2.877697841726618768e-03
0.000000000000000000e+00
1.438848920863309384e-03
0.000000000000000000e+00
1.438848920863309384e-03
0.000000000000000000e+00
0.000000000000000000e+00
4.316546762589927935e-03
0.000000000000000000e+00
2.877697841726618768e-03
0.000000000000000000e+00
2.877697841726618768e-03
1.438848920863309384e-03
1.438848920863309384e-03
1.438848920863309384e-03
8.633093525179855870e-03
1.438848920863309384e-03
4.316546762589927935e-03
1.438848920863309384e-03
0.000000000000000000e+00
2.877697841726618768e-03
2.877697841726618768e-03
1.438848920863309384e-03
1.438848920863309384e-03
1.438848920863309384e-03
0.000000000000000000e+00
2.877697841726618768e-03
1.438848920863309384e-03
2.877697841726618768e-03
1.438848920863309384e-03
0.000000000000000000e+00
2.877697841726618768e-03
1.438848920863309384e-03
0.000000000000000000e+00
2.877697841726618768e-03
1.438848920863309384e-03
4.316546762589927935e-03
0.000000000000000000e+00
1.438848920863309384e-03
4.316546762589927935e-03
0.000000000000000000e+00
0.000000000000000000e+00
2.877697841726618768e-03
1.438848920863309384e-03
1.438848920863309384e-03
0.000000000000000000e+00
1.438848920863309384e-03
0.000000000000000000e+00
0.000000000000000000e+00
0.000000000000000000e+00
1.438848920863309384e-03
0.000000000000000000e+00
1.438848920863309384e-03
0.000000000000000000e+00
0.000000000000000000e+00
0.000000000000000000e+00
2.877697841726618768e-03
1.438848920863309384e-03
1.438848920863309384e-03
0.000000000000000000e+00
1.438848920863309384e-03
0.000000000000000000e+00
1.438848920863309384e-03
1.438848920863309384e-03
1.438848920863309384e-03
0.000000000000000000e+00
0.000000000000000000e+00
