-3.000000000000000000e+03,1.244647384490704667e-04,1.638449529273167116e-04,1.184196045556085153e-04
-2.980000000000000000e+03,1.555519096752000507e-04,1.647582777208889127e-04,1.203137973804224714e-04
-2.960000000000000000e+03,1.849062015946145721e-04,1.658615823463271965e-04,1.225953853212224942e-04
-2.940000000000000000e+03,2.111304950869197228e-04,1.671794167101836592e-04,1.253112145160883983e-04
-2.920000000000000000e+03,2.340181359583581866e-04,1.687273314288084691e-04,1.284880833174462111e-04
-2.900000000000000000e+03,2.544416156435858056e-04,1.705067233959134398e-04,1.321221701822139494e-04
-2.880000000000000000e+03,2.739536989815327672e-04,1.725025059129414728e-04,1.361746422956500169e-04
-2.860000000000000000e+03,2.943528313426035936e-04,1.746857019480074769e-04,1.405777033003374754e-04
-2.840000000000000000e+03,3.174019817642204089e-04,1.770205878881547790e-04,1.452500505205733816e-04
-2.820000000000000000e+03,3.447522947119807668e-04,1.794731739557242634e-04,1.501148239491101322e-04
-2.800000000000000000e+03,3.780178267076550469e-04,1.820171954491911492e-04,1.551120458742616393e-04
-2.780000000000000000e+03,4.189184461211858945e-04,1.846359005686082355e-04,1.602021323043878454e-04
-2.760000000000000000e+03,4.694324237553004764e-04,1.873205769165053880e-04,1.653626194753066159e-04
-2.740000000000000000e+03,5.319373206580380042e-04,1.900678571864489186e-04,1.705824449582671321e-04
-2.720000000000000000e+03,6.093427479259005963e-04,1.928773309178843931e-04,1.758569568521828330e-04
-2.700000000000000000e+03,7.052277669505890856e-04,1.957500012306212511e-04,1.811847303190283753e-04
-2.680000000000000000e+03,8.239956239886048195e-04,1.986874827109019748e-04,1.865659423616605750e-04
-2.660000000000000000e+03,9.710558550035663927e-04,2.016916531122348033e-04,1.920016898360188407e-04
-2.640000000000000000e+03,1.153041850077141106e-03,2.047645244362961137e-04,1.974937631765705248e-04
-2.620000000000000000e+03,1.378071386315404823e-03,2.079082032535595204e-04,2.030446056178192293e-04
-2.600000000000000000e+03,1.656058024923634520e-03,2.111248820546585137e-04,2.086573407167335859e-04
-2.580000000000000000e+03,1.999082149861663993e-03,2.144168398277024323e-04,2.143358254103056026e-04
-2.560000000000000000e+03,2.421831528864881733e-03,2.177864454111499981e-04,2.200847170064079705e-04
-2.540000000000000000e+03,2.942122453764017820e-03,2.212361617570657302e-04,2.259095530421362241e-04
-2.520000000000000000e+03,3.581513706440997424e-03,2.247685501832741295e-04,2.318168449977342505e-04
-2.500000000000000000e+03,4.366026707203207735e-03,2.283862753915677501e-04,2.378141897296792706e-04
-2.480000000000000000e+03,5.326986154030599607e-03,2.320921103193818169e-04,2.439104017759596843e-04
-2.460000000000000000e+03,6.501996108299046284e-03,2.358889415465803552e-04,2.501156711964824808e-04
-2.440000000000000000e+03,7.936066646008210768e-03,2.397797749353891561e-04,2.564417521555562018e-04
-2.420000000000000000e+03,9.682905623109583360e-03,2.437677415478844978e-04,2.629021879307913423e-04
-2.400000000000000000e+03,1.180638847259052326e-02,2.478561040741844579e-04,2.695125796869923818e-04
-2.380000000000000000e+03,1.438221583565102435e-02,2.520482633272536077e-04,2.762909068754204611e-04
-2.360000000000000000e+03,1.749976369423977829e-02,2.563477655925794352e-04,2.832579086398112622e-04
-2.340000000000000000e+03,2.126412285654577516e-02,2.607583099445420771e-04,2.904375369539025087e-04
-2.320000000000000000e+03,2.579831335604021447e-02,2.652837563066334781e-04,2.978574941470135684e-04
-2.300000000000000000e+03,3.124564364888060553e-02,2.699281340001746798e-04,3.055498683179891373e-04
-2.280000000000000000e+03,3.777216342857325770e-02,2.746956505705888674e-04,3.135518834351813666e-04
-2.260000000000000000e+03,4.556913141801066658e-02,2.795907014574439131e-04,3.219067824744570316e-04
-2.240000000000000000e+03,5.485538477082441133e-02,2.846178802307086642e-04,3.306648640122311633e-04
-2.220000000000000000e+03,6.587945419193053098e-02,2.897819892599962088e-04,3.398846965096957717e-04
-2.200000000000000000e+03,7.892121874348845267e-02,2.950880512719855631e-04,3.496345366338360350e-04
-2.180000000000000000e+03,9.429283785149511488e-02,3.005413216516927832e-04,3.599939816467667697e-04
-2.160000000000000000e+03,1.123386383275359890e-01,3.061473015320004265e-04,3.710558893699200667e-04
-2.140000000000000000e+03,1.334335767591454669e-01,3.119117515937297469e-04,3.829286031487022512e-04
-2.120000000000000000e+03,1.579798509945939955e-01,3.178407069759359160e-04,3.957385232622456783e-04
-2.100000000000000000e+03,1.864012108634072185e-01,3.239404932298128870e-04,4.096330705416484363e-04
-2.080000000000000000e+03,2.191345335628258617e-01,3.302177431607766778e-04,4.247840927562585023e-04
-2.060000000000000000e+03,2.566183018694490059e-01,3.366794149362029032e-04,4.413917689460866711e-04
-2.040000000000000000e+03,2.992777725379980325e-01,3.433328115032274752e-04,4.596890719965607275e-04
-2.020000000000000000e+03,3.475068634286038183e-01,3.501856012277926311e-04,4.799468543148499577e-04
-2.000000000000000000e+03,4.016471271225618977e-01,3.572458401879252676e-04,5.024796273400689017e-04
-1.980000000000000000e+03,4.619646055711745802e-01,3.645219958658962867e-04,5.276521097496988943e-04
-1.960000000000000000e+03,5.286258407513622082e-01,3.720229726944523918e-04,5.558866244759208541e-04
-1.940000000000000000e+03,6.016747889950657679e-01,3.797581394904270269e-04,5.876714291752627162e-04
-1.920000000000000000e+03,6.810127648840258452e-01,3.877373586980148445e-04,6.235700684475986577e-04
-1.900000000000000000e+03,7.663837234084258654e-01,3.959710180967412896e-04,6.642318397087620951e-04
-1.880000000000000000e+03,8.573670823335266533e-01,4.044700647520826919e-04,7.104034675187165249e-04
-1.860000000000000000e+03,9.533798310606966808e-01,4.132460415529060072e-04,7.629420816668286420e-04
-1.840000000000000000e+03,1.053688870697488955e+00,4.223111266465906510e-04,8.228295962253717732e-04
-1.820000000000000000e+03,1.157433464552160007e+00,4.316781758939569613e-04,8.911885836959676510e-04
-1.800000000000000000e+03,1.263656505752330794e+00,4.413607686881704240e-04,9.692997364085798040e-04
-1.780000000000000000e+03,1.371342232310901466e+00,4.513732574706885714e-04,1.058621002647530673e-03
-1.760000000000000000e+03,1.479457241100479159e+00,4.617308210996817763e-04,1.160808475286767560e-03
-1.740000000000000000e+03,1.586991317677377555e+00,4.724495229813108210e-04,1.277739103400232779e-03
-1.720000000000000000e+03,1.692994761584576402e+00,4.835463734087497301e-04,1.411535281403697439e-03
-1.700000000000000000e+03,1.796609493729706131e+00,4.950393976521638706e-04,1.564591355263100780e-03
-1.680000000000000000e+03,1.897092144150713811e+00,5.069477094776786430e-04,1.739602064165790551e-03
-1.660000000000000000e+03,1.993828350691317919e+00,5.192915912943796286e-04,1.939592912314491713e-03
-1.640000000000000000e+03,2.086338471514304072e+00,5.320925809515486549e-04,2.167952436982201192e-03
-1.620000000000000000e+03,2.174275690095961444e+00,5.453735663296654934e-04,2.428466305637311251e-03
-1.600000000000000000e+03,2.257417997276589539e+00,5.591588883691045453e-04,2.725353138366415351e-03
-1.580000000000000000e+03,2.335655761705535127e+00,5.734744533691937818e-04,3.063301909267401868e-03
-1.560000000000000000e+03,2.408976586943423204e+00,5.883478556123478143e-04,3.447510733511904846e-03
-1.540000000000000000e+03,2.477448966992423784e+00,6.038085112125557430e-04,3.883726796194419961e-03
-1.520000000000000000e+03,2.541205965082526941e+00,6.198878048313538613e-04,4.378287122142054955e-03
-1.500000000000000000e+03,2.600429817689298151e+00,6.366192500606437932e-04,4.938159826828325549e-03
-1.480000000000000000e+03,2.655338055201672542e+00,6.540386654818597378e-04,5.570985424208085846e-03
-1.460000000000000000e+03,2.706171462402440220e+00,6.721843679335925970e-04,6.285117700688402920e-03
-1.440000000000000000e+03,2.753183989944019139e+00,6.910973850637880389e-04,7.089663594939121793e-03
-1.420000000000000000e+03,2.796634574316414490e+00,7.108216891094087941e-04,7.994521452037162135e-03
-1.400000000000000000e+03,2.836780722876175442e+00,7.314044549788789595e-04,9.010416950183675056e-03
-1.380000000000000000e+03,2.873873662976345056e+00,7.528963446801206771e-04,1.014893592553578472e-02
-1.360000000000000000e+03,2.908154829693987420e+00,7.753518222575195296e-04,1.142255325419228029e-02
-1.340000000000000000e+03,2.939853465300346080e+00,7.988295020244784439e-04,1.284465688372593561e-02
-1.320000000000000000e+03,2.969185117206640800e+00,8.233925349987458731e-04,1.442956604833511847e-02
-1.300000000000000000e+03,2.996350843199679925e+00,8.491090379147969713e-04,1.619254264797476139e-02
-1.280000000000000000e+03,3.021536958662751626e+00,8.760525706086319531e-04,1.814979472996025578e-02
-1.260000000000000000e+03,3.044915186977925625e+00,9.043026677924004275e-04,2.031847097839767358e-02
-1.240000000000000000e+03,3.066643099426147323e+00,9.339454326906526660e-04,2.271664509871929027e-02
-1.220000000000000000e+03,3.086864753527951422e+00,9.650742009537083277e-04,2.536328898070649984e-02
-1.200000000000000000e+03,3.105711458412985237e+00,9.977902842517316628e-04,2.827823353868108569e-02
-1.180000000000000000e+03,3.123302612372957920e+00,1.032203804951503656e-03,3.148211615973117716e-02
-1.160000000000000000e+03,3.139746571403145836e+00,1.068434635087545104e-03,3.499631374750400425e-02
-1.140000000000000000e+03,3.155141518562087910e+00,1.106613454204818936e-03,3.884286042645790360e-02
-1.120000000000000000e+03,3.169576312718469513e+00,1.146882944313976083e-03,4.304434907438370317e-02
-1.100000000000000000e+03,3.183131302075881131e+00,1.189399142420555222e-03,4.762381597985809734e-02
-1.080000000000000000e+03,3.195879093091802403e+00,1.234332974819896123e-03,5.260460807535727312e-02
-1.060000000000000000e+03,3.207885269351429258e+00,1.281872002123485288e-03,5.801023237853586423e-02
-1.040000000000000000e+03,3.219209057870486834e+00,1.332222408445549178e-03,6.386418748178801508e-02
-1.020000000000000000e+03,3.229903942409351192e+00,1.385611275106501949e-03,7.018977716350960350e-02
-1.000000000000000000e+03,3.240018224861862528e+00,1.442289186182055261e-03,7.700990645195249229e-02
-9.800000000000000000e+02,3.249595536785498950e+00,1.502533223385338346e-03,8.434686075162733943e-02
-9.600000000000000000e+02,3.258675303779590138e+00,1.566650417395010209e-03,9.222206894208273553e-02
-9.400000000000000000e+02,3.267293165790541298e+00,1.634981738996010847e-03,1.006558516722821928e-01
-9.200000000000000000e+02,3.275481356598475280e+00,1.707906727321795159e-03,1.096671564018492084e-01
-9.000000000000000000e+02,3.283269045774739325e+00,1.785848876378892669e-03,1.192732810727292758e-01
-8.800000000000000000e+02,3.290682646336351436e+00,1.869281925614973972e-03,1.294895886310931665e-01
-8.600000000000000000e+02,3.297746091195519202e+00,1.958737232965468422e-03,1.403292149500634522e-01
-8.400000000000000000e+02,3.304481081331112069e+00,2.054812450624776687e-03,1.518027730235571582e-01
-8.200000000000000000e+02,3.310907308415356187e+00,2.158181775147038906e-03,1.639180566055165045e-01
-8.000000000000000000e+02,3.317042654423785208e+00,2.269608109795040463e-03,1.766797467462000171e-01
-7.800000000000000000e+02,3.322903370548713209e+00,2.389957560744448983e-03,1.900891249243641390e-01
-7.600000000000000000e+02,3.328504237533203014e+00,2.520216799062335866e-03,2.041437966815773386e-01
-7.400000000000000000e+02,3.333858709348369587e+00,2.661513959989481037e-03,2.188374298283446429e-01
-7.200000000000000000e+02,3.338979041952383486e+00,2.815143936441000250e-03,2.341595113999450639e-01
-7.000000000000000000e+02,3.343876408698698288e+00,2.982599167111743554e-03,2.500951275939522489e-01
-6.800000000000000000e+02,3.348561003802308367e+00,3.165607343003085106e-03,2.666247709084301754e-01
-6.600000000000000000e+02,3.353042135129191692e+00,3.366177890451460541e-03,2.837241786220356943e-01
-6.400000000000000000e+02,3.357328307439766402e+00,3.586659678067594115e-03,3.013642066066024583e-01
-6.200000000000000000e+02,3.361427297099817135e+00,3.829813202826937157e-03,3.195107422418019816e-01
-6.000000000000000000e+02,3.365346219163378727e+00,4.098901629323581375e-03,3.381246599041265455e-01
-5.800000000000000000e+02,3.369091587634043261e+00,4.397806631828427015e-03,3.571618221353878297e-01
-5.600000000000000000e+02,3.372669369624803348e+00,4.731177230310468218e-03,3.765731291567542272e-01
-5.400000000000000000e+02,3.376085034058318168e+00,5.104623060114832356e-03,3.963046188899976841e-01
-5.200000000000000000e+02,3.379343595478934148e+00,5.524968300230082008e-03,4.162976190816958244e-01
-5.000000000000000000e+02,3.382449653485553043e+00,6.000589677757073304e-03,4.364889525063642139e-01
-4.800000000000000000e+02,3.385407428238929040e+00,6.541873029353162394e-03,4.568111955591924733e-01
-4.600000000000000000e+02,3.388220792447627083e+00,7.161840385427886702e-03,4.771929898472415665e-01
-4.400000000000000000e+02,3.390893300191188953e+00,7.877028156211274279e-03,4.975594056608745319e-01
-4.200000000000000000e+02,3.393428212901061780e+00,8.708746165630998348e-03,5.178323554657637828e-01
-4.000000000000000000e+02,3.395828522784871684e+00,9.684938491838490648e-03,5.379310548131788217e-01
-3.800000000000000000e+02,3.398096973946751476e+00,1.084305786148709316e-02,5.577725273339773082e-01
-3.600000000000000000e+02,3.400236081430296764e+00,1.223483132326563805e-02,5.772721497738997343e-01
-3.400000000000000000e+02,3.402248148385011994e+00,1.393509833369499518e-02,5.963442323557610614e-01
-3.200000000000000000e+02,3.404135281535103363e+00,1.606077278955009291e-02,6.149026291323744786e-01
-3.000000000000000000e+02,3.405899405110046629e+00,1.881718826682865497e-02,6.328613724315701461e-01
-2.800000000000000000e+02,3.407542273378394437e+00,2.261869773944047424e-02,6.501353250053854005e-01
-2.600000000000000000e+02,3.409065481910478201e+00,2.839797011754408018e-02,6.666408430872294844e-01
-2.400000000000000000e+02,3.410470477681970536e+00,3.834275713914259143e-02,6.822964432420919323e-01
-2.200000000000000000e+02,3.411758568117040369e+00,5.745617066450492416e-02,6.970234656743068413e-01
-2.000000000000000000e+02,3.412930929158919380e+00,9.637148156930175347e-02,7.107467265384248556e-01
-1.800000000000000000e+02,3.413988612444862625e+00,1.753961446912311040e-01,7.233951517860881530e-01
-1.600000000000000000e+02,3.414932551654070725e+00,3.283485881181880117e-01,7.349023851770830618e-01
-1.400000000000000000e+02,3.415763568087615276e+00,6.024163218841249723e-01,7.452073632853162266e-01
-1.200000000000000000e+02,3.416482375532370330e+00,1.048503848953707962e+00,7.542548506392465768e-01
-1.000000000000000000e+02,3.417089584454291451e+00,1.698565518820727149e+00,7.619959285475097488e-01
-8.000000000000000000e+01,3.417585705558590092e+00,2.534730678943364346e+00,7.683884316663891489e-01
-6.000000000000000000e+01,3.417971152749998964e+00,3.466400955444304266e+00,7.733973269637317571e-01
-4.000000000000000000e+01,3.418246245519296345e+00,4.335409995784022641e+00,7.769950304106654215e-01
-2.000000000000000000e+01,3.418411210777749787e+00,4.957142289730597895e+00,7.791616574802318063e-01
0.000000000000000000e+00,3.418466184155788401e+00,5.183284995953707508e+00,7.798852043398696310e-01
2.000000000000000000e+01,3.418411210777738685e+00,4.957142289730597895e+00,7.791616574802318063e-01
4.000000000000000000e+01,3.418246245519296345e+00,4.335409995784034187e+00,7.769950304106654215e-01
6.000000000000000000e+01,3.417971152749998964e+00,3.466400955444304266e+00,7.733973269637317571e-01
8.000000000000000000e+01,3.417585705558567888e+00,2.534730678943364346e+00,7.683884316663891489e-01
1.000000000000000000e+02,3.417089584454280349e+00,1.698565518820727149e+00,7.619959285475097488e-01
1.200000000000000000e+02,3.416482375532403637e+00,1.048503848953707962e+00,7.542548506392465768e-01
1.400000000000000000e+02,3.415763568087637481e+00,6.024163218841249723e-01,7.452073632852940221e-01
1.600000000000000000e+02,3.414932551654092929e+00,3.283485881181880117e-01,7.349023851770830618e-01
1.800000000000000000e+02,3.413988612444818216e+00,1.753961446912311040e-01,7.233951517860881530e-01
2.000000000000000000e+02,3.412930929158874971e+00,9.637148156930175347e-02,7.107467265384137534e-01
2.200000000000000000e+02,3.411758568117051471e+00,5.745617066450492416e-02,6.970234656743068413e-01
2.400000000000000000e+02,3.410470477681981638e+00,3.834275713914259143e-02,6.822964432421141368e-01
2.600000000000000000e+02,3.409065481910467099e+00,2.839797011754408018e-02,6.666408430872294844e-01
2.800000000000000000e+02,3.407542273378394437e+00,2.261869773944047424e-02,6.501353250053631960e-01
3.000000000000000000e+02,3.405899405110035527e+00,1.881718826682865497e-02,6.328613724315701461e-01
3.200000000000000000e+02,3.404135281535058954e+00,1.606077278955009291e-02,6.149026291323744786e-01
3.400000000000000000e+02,3.402248148384989790e+00,1.393509833369499518e-02,5.963442323557610614e-01
3.600000000000000000e+02,3.400236081430263457e+00,1.223483132326563805e-02,5.772721497738775298e-01
3.800000000000000000e+02,3.398096973946673760e+00,1.084305786148709316e-02,5.577725273339884104e-01
4.000000000000000000e+02,3.395828522784760661e+00,9.684938491838490648e-03,5.379310548131566172e-01
4.200000000000000000e+02,3.393428212900906349e+00,8.708746165630998348e-03,5.178323554657415784e-01
4.400000000000000000e+02,3.390893300190989113e+00,7.877028156211274279e-03,4.975594056608412252e-01
4.600000000000000000e+02,3.388220792447416141e+00,7.161840385427886702e-03,4.771929898471971576e-01
4.800000000000000000e+02,3.385407428238573768e+00,6.541873029353162394e-03,4.568111955591480644e-01
5.000000000000000000e+02,3.382449653485075647e+00,6.000589677757073304e-03,4.364889525062976006e-01
5.200000000000000000e+02,3.379343595478379036e+00,5.524968300230082008e-03,4.162976190816181088e-01
5.400000000000000000e+02,3.376085034057563217e+00,5.104623060114832356e-03,3.963046188899088662e-01
5.600000000000000000e+02,3.372669369623804148e+00,4.731177230310468218e-03,3.765731291566210004e-01
5.800000000000000000e+02,3.369091587632733198e+00,4.397806631828427015e-03,3.571618221352435008e-01
6.000000000000000000e+02,3.365346219161624575e+00,4.098901629323581375e-03,3.381246599039600120e-01
6.200000000000000000e+02,3.361427297097463462e+00,3.829813202826937157e-03,3.195107422415688347e-01
6.400000000000000000e+02,3.357328307436646675e+00,3.586659678067594115e-03,3.013642066063138003e-01
6.600000000000000000e+02,3.353042135125150480e+00,3.366177890451460541e-03,2.837241786216915251e-01
6.800000000000000000e+02,3.348561003796901581e+00,3.165607343003085106e-03,2.666247709080193928e-01
7.000000000000000000e+02,3.343876408691526247e+00,2.982599167111743554e-03,2.500951275934082396e-01
7.200000000000000000e+02,3.338979041942902182e+00,2.815143936441000250e-03,2.341595113992567256e-01
7.400000000000000000e+02,3.333858709335846271e+00,2.661513959989481037e-03,2.188374298275119756e-01
7.600000000000000000e+02,3.328504237516605180e+00,2.520216799062335866e-03,2.041437966805781379e-01
7.800000000000000000e+02,3.322903370526786304e+00,2.389957560744448983e-03,1.900891249230984847e-01
8.000000000000000000e+02,3.317042654394808388e+00,2.269608109795040463e-03,1.766797467446457048e-01
8.200000000000000000e+02,3.310907308376997982e+00,2.158181775147038906e-03,1.639180566035958186e-01
8.400000000000000000e+02,3.304481081280419286e+00,2.054812450624776687e-03,1.518027730212256898e-01
8.600000000000000000e+02,3.297746091128506141e+00,1.958737232965468422e-03,1.403292149472323835e-01
8.800000000000000000e+02,3.290682646247744536e+00,1.869281925614973972e-03,1.294895886276070662e-01
9.000000000000000000e+02,3.283269045657710716e+00,1.785848876378892669e-03,1.192732810684771216e-01
9.200000000000000000e+02,3.275481356443898928e+00,1.707906727321795159e-03,1.096671563966755691e-01
9.400000000000000000e+02,3.267293165586382386e+00,1.634981738996010847e-03,1.006558516659983304e-01
9.600000000000000000e+02,3.258675303510005783e+00,1.566650417395010209e-03,9.222206893444440112e-02
9.800000000000000000e+02,3.249595536429572551e+00,1.502533223385338346e-03,8.434686074241248832e-02
1.000000000000000000e+03,3.240018224392204882e+00,1.442289186182055261e-03,7.700990644080585312e-02
1.020000000000000000e+03,3.229903941789835642e+00,1.385611275106501949e-03,7.018977715006480267e-02
1.040000000000000000e+03,3.219209057053540324e+00,1.332222408445549178e-03,6.386418746560096338e-02
1.060000000000000000e+03,3.207885268274546231e+00,1.281872002123485288e-03,5.801023235908475684e-02
1.080000000000000000e+03,3.195879091672859662e+00,1.234332974819896123e-03,5.260460805200928291e-02
1.100000000000000000e+03,3.183131300207253656e+00,1.189399142420555222e-03,4.762381595192488604e-02
1.120000000000000000e+03,3.169576310258837015e+00,1.146882944313976083e-03,4.304434904098819459e-02
1.140000000000000000e+03,3.155141515326387314e+00,1.106613454204818936e-03,3.884286038662310148e-02
1.160000000000000000e+03,3.139746567149304113e+00,1.068434635087545104e-03,3.499631370011968556e-02
1.180000000000000000e+03,3.123302606784406077e+00,1.032203804951503656e-03,3.148211610340956312e-02
1.200000000000000000e+03,3.105711451076809126e+00,9.977902842517316628e-04,2.827823347189006853e-02
1.220000000000000000e+03,3.086864743905748387e+00,9.650742009537083277e-04,2.536328890163641603e-02
1.240000000000000000e+03,3.066643086817699704e+00,9.339454326906526660e-04,2.271664500530512498e-02
1.260000000000000000e+03,3.044915170474049582e+00,9.043026677924004275e-04,2.031847086828575399e-02
1.280000000000000000e+03,3.021536937085278485e+00,8.760525706086319531e-04,1.814979460036392211e-02
1.300000000000000000e+03,2.996350815025894399e+00,8.491090379147969713e-04,1.619254249575208249e-02
1.320000000000000000e+03,2.969185080473635274e+00,8.233925349987458731e-04,1.442956586983346057e-02
1.340000000000000000e+03,2.939853417485527309e+00,7.988295020244784439e-04,1.284465667482637130e-02
1.360000000000000000e+03,2.908154767566795140e+00,7.753518222575195296e-04,1.142255301014305502e-02
1.380000000000000000e+03,2.873873582415342742e+00,7.528963446801206771e-04,1.014893564106333912e-02
1.400000000000000000e+03,2.836780618646694840e+00,7.314044549788789595e-04,9.010416619115169112e-03
1.420000000000000000e+03,2.796634439802658800e+00,7.108216891094087941e-04,7.994521067522519786e-03
1.440000000000000000e+03,2.753183816831428210e+00,6.910973850637880389e-04,7.089663149140168485e-03
1.460000000000000000e+03,2.706171240307631010e+00,6.721843679335925970e-04,6.285117184867683449e-03
1.480000000000000000e+03,2.655337771250465551e+00,6.540386654818597378e-04,5.570984828440206371e-03
1.500000000000000000e+03,2.600429456048658494e+00,6.366192500606437932e-04,4.938159140044362516e-03
1.520000000000000000e+03,2.541205506459220942e+00,6.198878048313538613e-04,4.378286331963021638e-03
1.540000000000000000e+03,2.477448388121472611e+00,6.038085112125557430e-04,3.883725888687017402e-03
1.560000000000000000e+03,2.408975860101714161e+00,5.883478556123478143e-04,3.447509693266237463e-03
1.580000000000000000e+03,2.335654854300772687e+00,5.734744533691937818e-04,3.063300719086115009e-03
1.600000000000000000e+03,2.257416871577577755e+00,5.591588883691045453e-04,2.725351779253593065e-03
1.620000000000000000e+03,2.174274303184775547e+00,5.453735663296654934e-04,2.428464756476511610e-03
1.640000000000000000e+03,2.086336775552288803e+00,5.320925809515486549e-04,2.167950674536456290e-03
1.660000000000000000e+03,1.993826293592360077e+00,5.192915912943796286e-04,1.939590911004263063e-03
1.680000000000000000e+03,1.897089670745233381e+00,5.069477094776786430e-04,1.739599795891333400e-03
1.700000000000000000e+03,1.796606547475454452e+00,4.950393976521638706e-04,1.564588789260135115e-03
1.720000000000000000e+03,1.692991286832556952e+00,4.835463734087497301e-04,1.411532384021363384e-03
1.740000000000000000e+03,1.586987262437489221e+00,4.724495229813108210e-04,1.277735838023374981e-03
1.760000000000000000e+03,1.479452560172378472e+00,4.617308210996817763e-04,1.160804802102788358e-03
1.780000000000000000e+03,1.371336890567531608e+00,4.513732574706885714e-04,1.058616878502061098e-03
1.800000000000000000e+03,1.263650481298295158e+00,4.413607686881704240e-04,9.692951146611505919e-04
1.820000000000000000e+03,1.157426751444035062e+00,4.316781758939569613e-04,8.911834139868624050e-04
1.840000000000000000e+03,1.053681480918955415e+00,4.223111266465906510e-04,8.228238245533425754e-04
1.860000000000000000e+03,9.533717955013121248e-01,4.132460415529060072e-04,7.629356500005179953e-04
1.880000000000000000e+03,8.573584506183062892e-01,4.044700647520826919e-04,7.103963138632707341e-04
1.900000000000000000e+03,7.663745625493212366e-01,3.959710180967412896e-04,6.642238980614223465e-04
1.920000000000000000e+03,6.810031568584284933e-01,3.877373586980148445e-04,6.235612685201452621e-04
1.940000000000000000e+03,6.016648274695390874e-01,3.797581394904270269e-04,5.876616965716507934e-04
1.960000000000000000e+03,5.286156272489850316e-01,3.720229726944523918e-04,5.558758805812580306e-04
1.980000000000000000e+03,4.619542454130654008e-01,3.645219958658962867e-04,5.276402717968586842e-04
2.000000000000000000e+03,4.016367254628616656e-01,3.572458401879252676e-04,5.024666085207130095e-04
2.020000000000000000e+03,3.474965216511805011e-01,3.501856012277926311e-04,4.799325637128148969e-04
2.040000000000000000e+03,2.992675852118931168e-01,3.433328115032274752e-04,4.596734149098224975e-04
2.060000000000000000e+03,2.566083543782515797e-01,3.366794149362029032e-04,4.413746469644763692e-04
2.080000000000000000e+03,2.191249004465989358e-01,3.302177431607766778e-04,4.247654040168136191e-04
2.100000000000000000e+03,1.863919548486858702e-01,3.239404932298128870e-04,4.096127101060886844e-04
2.120000000000000000e+03,1.579710226421338071e-01,3.178407069759359160e-04,3.957163833057109059e-04
2.140000000000000000e+03,1.334252146308667619e-01,3.119117515937297469e-04,3.829045734149438829e-04
2.160000000000000000e+03,1.123307695631625691e-01,3.061473015320004265e-04,3.710298576042880825e-04
2.180000000000000000e+03,9.428547904432038607e-02,3.005413216516927832e-04,3.599658341402189876e-04
2.200000000000000000e+03,7.891437701508241531e-02,2.950880512719855631e-04,3.496041586781295507e-04
2.220000000000000000e+03,6.587312837863512627e-02,2.897819892599962088e-04,3.398519730080096224e-04
2.240000000000000000e+03,5.484956665066098580e-02,2.846178802307086642e-04,3.306296801786068329e-04
2.260000000000000000e+03,4.556380692286587930e-02,2.795907014574439131e-04,3.218690244888300356e-04
2.280000000000000000e+03,3.776731380125131210e-02,2.746956505705888674e-04,3.135114391983329085e-04
2.300000000000000000e+03,3.124124651653348295e-02,2.699281340001746798e-04,3.055066282175999959e-04
2.320000000000000000e+03,2.579434370297839507e-02,2.652837563066334781e-04,2.978113519014335964e-04
2.340000000000000000e+03,2.126055388702585702e-02,2.607583099445420771e-04,2.903883903560000590e-04
2.360000000000000000e+03,1.749656758226469933e-02,2.563477655925794352e-04,2.832056605561739104e-04
2.380000000000000000e+03,1.437936436378128846e-02,2.520482633272536077e-04,2.762354661012267343e-04
2.400000000000000000e+03,1.180385356505109229e-02,2.478561040741844579e-04,2.694538617453723361e-04
2.420000000000000000e+03,9.680659780042510931e-03,2.437677415478844978e-04,2.628401161386406670e-04
2.440000000000000000e+03,7.934083287841620091e-03,2.397797749353891561e-04,2.563762583562834152e-04
2.460000000000000000e+03,6.500249839724858703e-03,2.358889415465803552e-04,2.500466967592096523e-04
2.480000000000000000e+03,5.325452956694842754e-03,2.320921103193818169e-04,2.438378983282696311e-04
2.500000000000000000e+03,4.364684070934377047e-03,2.283862753915677501e-04,2.377381201457140492e-04
2.520000000000000000e+03,3.580340707798335131e-03,2.247685501832741295e-04,2.317371839866133598e-04
2.540000000000000000e+03,2.941099790609857934e-03,2.212361617570657302e-04,2.258262879473171836e-04
2.560000000000000000e+03,2.420941518532782055e-03,2.177864454111499981e-04,2.199978485051268251e-04
2.580000000000000000e+03,1.998308698347717183e-03,2.144168398277024323e-04,2.142453680242795144e-04
2.600000000000000000e+03,1.655386572985140248e-03,2.111248820546585137e-04,2.085633234338857278e-04
2.620000000000000000e+03,1.377488838938401017e-03,2.079082032757639809e-04,2.029470721143233902e-04
2.640000000000000000e+03,1.152536492909916888e-03,2.047645244807050346e-04,1.973927723608603912e-04
2.660000000000000000e+03,9.706172635182142017e-04,2.016916533120749477e-04,1.918973160819348323e-04
2.680000000000000000e+03,8.236145676798756199e-04,1.986874835546714735e-04,1.864582762745037314e-04
2.700000000000000000e+03,7.048961121469687896e-04,1.957500047833349299e-04,1.810738810670287080e-04
2.720000000000000000e+03,6.090533565039635278e-04,1.928773447290588194e-04,1.757430598381404252e-04
2.740000000000000000e+03,5.316839265079309484e-04,1.900679051369813521e-04,1.704656842238527759e-04
2.760000000000000000e+03,4.692094231262267101e-04,1.873207271296806198e-04,1.652432844445606008e-04
2.780000000000000000e+03,4.187204320937887303e-04,1.846363242075099720e-04,1.600807397861281345e-04
2.800000000000000000e+03,3.778385299413322684e-04,1.820182704115325123e-04,1.549895566999026641e-04
2.820000000000000000e+03,3.445824384162854415e-04,1.794756263939767393e-04,1.499929429216173560e-04
2.840000000000000000e+03,3.172256761163616545e-04,1.770256199296049715e-04,1.451315033595967918e-04
2.860000000000000000e+03,2.941429154135200008e-04,1.746950049730244814e-04,1.404662793969002621e-04
2.880000000000000000e+03,2.736680702053462255e-04,1.725180661327208043e-04,1.360748003054190747e-04
2.900000000000000000e+03,2.540244168236505118e-04,1.705304313426303509e-04,1.320382202574243991e-04
2.920000000000000000e+03,2.334098917478044655e-04,1.687605506228706531e-04,1.284232646447946991e-04
2.940000000000000000e+03,2.102879264165302686e-04,1.672227151305882842e-04,1.252670995377513918e-04
2.960000000000000000e+03,1.838257581820990083e-04,1.659147253696424684e-04,1.225718315511770129e-04
2.980000000000000000e+03,1.542851668978606483e-04,1.648204280391141197e-04,1.203093437207591876e-04
3.000000000000000000e+03,1.231144412527918064e-04,1.639149445176180109e-04,1.184320385427817257e-04
